0.01 100 50
2.9811883171202136
-6.668833718303999 5.4340977582573995 -1.5956014595436905
-0.014856569966698485 -0.22909455343246332 -0.7456132619763791
1.472003169312429
-6.278735620174052 4.776159408422673 3.4148534542836355
-0.6676022911176998 0.5136640444681335 -0.6375282424969178
4.441775704743888
-0.18025235019953811 -7.287240652444584 -2.9963248928859
-0.6753583435503521 0.0049224151290911955 0.637347143007871
9.000227986314282
7.202962317668717 4.996302773135664 -9.45403949194363
0.4908409623274723 0.11207934901974115 0.6825206053813533
7.807402310646084
-3.237776743003005 -7.597974455751677 3.4263523792956025
-0.5474779665476246 0.9143202623294091 0.870039683184211
4.326131932715506
-8.655119545795467 5.177653039309959 1.3688078961954169
0.3192700510752564 -0.40533867260962064 -0.9417952842057862
9.548640861136018
-8.436232953480271 3.293869749372293 -7.6540949653072925
-0.37535919629076697 0.1526445747250127 0.8411525545246443
1.3577015087025182
-3.1005052928043515 9.731842942501508 9.134126317458865
-0.1017841106549986 0.0502870852369568 0.718918831055742
1.0084001775548095
1.0155264358176215 -6.635011825053745 -2.6679548645355577
-0.6690702459302333 -0.8922306876514341 0.5637372385503792
0.14437039970374663
-4.822104218914913 -4.26155466497357 9.119704064651838
0.9184446510728108 0.8158416930023367 -0.3357382262441919
1.7217110529185697
-1.7363814809394391 4.692291437915468 4.903992007295139
0.987163987556795 0.8109899873829232 0.38182309532293823
3.121730222433021
0.21919190353236573 2.422119650804664 -1.6797066103935965
-0.3974458591261507 -0.3424510370260174 -0.8463794570035303
4.300832366272973
3.0971758543975767 6.986059146338675 -0.7374775237514193
0.32437438075379177 0.05390622023503555 0.3420196834642266
2.3716066510267853
-2.3720438428832384 -5.020295938440322 4.829204145378876
0.14436652118834337 -0.490201791955049 0.5257460851410001
9.959921636953906
6.512174176697112 -3.1084801710939125 -9.912696999744275
0.6060052220520784 0.44538021464432664 -0.08431286136926097
3.2482379401828623
-8.99535892685983 -6.47598023939109 -4.7763990716973925
-0.7052001313579512 0.7804368922526033 0.1890598924583593
7.102346523098644
-0.8775252569852139 6.870861410709214 2.7873714696729053
-0.9607760531491814 -0.34560941557074876 -0.8812145049225493
4.763998247810046
-8.931298840502873 -2.8583437734250072 -7.798581278569099
0.47393607848189356 -0.7568401733307768 0.22097067448455032
1.8441741020298306
7.206772238071636 0.6081026417444164 -4.482734629550194
0.16694767642324937 0.8252563925693428 -0.15936328443927827
7.335885350385328
2.884132095902391 -3.7858506771752705 6.096492470746121
-0.019920266074823667 -0.33315137995571353 0.8273299771978764
1.6758887875658368
-9.590800600368327 7.635817385232972 -9.039755097246962
-0.34853949888811897 -0.17100223012358629 0.7867056762868709
2.411077437176358
-0.5084156172360146 2.7338774640118118 2.114873496093093
-0.8579772130386398 0.44346685459603563 -0.8372031172928871
6.74490521171734
2.2195884874501193 1.839902021968527 6.596622123223682
-0.013230964530834166 -0.34245534998401195 0.6816305329221073
6.8061564988914975
2.1570443477764947 -0.19360275879424904 0.5360098012163022
-0.37740276015430974 -0.3446861542248618 0.8254414557985041
5.461525725785432
-4.25551183999813 -9.016518333926278 -3.733042537577247
-0.2243370853572264 0.5526490350457607 0.050967829773342466
2.5207632222256464
6.24557278142921 -9.95643294068379 -8.59785428030317
-0.9835999968679614 0.38474764099684133 -0.6238763916578529
6.164628488331011
-7.65433175507344 -2.3958921598526306 -0.4795756854773465
0.7912188034113017 0.607641012871422 -0.7275023796399458
2.3186604367196852
-7.28089475504341 5.698225958963912 8.752444174811856
0.3839349747737648 0.13373955650244662 -0.078969451606973
4.585356016953184
-0.18767160061803168 4.561518708434955 3.6673243762501464
-0.26518313388033854 0.0488494478302155 -0.19357780290783144
6.3588152938872415
2.8593961734253064 8.020685749028328 8.989917660129048
-0.40088433610803453 0.5185005764570432 0.3525354251954149
7.920972288880703
3.350994983869329 -8.385625333147601 8.41653213645219
0.9581450079902449 -0.13154972106046858 0.9021514170903651
4.74339828821368
-2.7282524970002235 -4.735945193043296 -9.44133945679673
0.8655611558533243 -0.48325805007271927 -0.625063165279562
4.511119717858725
-6.465502397235321 1.6975503973607236 1.7670482354467438
0.9628040649344496 -0.0163868294127536 -0.02750947991262831
8.052544921653197
0.8111368165350541 8.359857234623103 -7.656550872415289
0.44005642974069614 0.08643453931647072 -0.6238070654802785
0.43959180650673857
2.402828869559052 8.43071124737001 1.0940388443663593
0.47510047469292327 -0.965785713750344 0.34533997856317655
8.96943483261353
-0.688714899663962 0.8481092233963636 8.337356887054863
0.28698971204536217 0.42949990477934485 0.4538564419629676
8.588160209878952
-1.5736107798761516 1.375774051968076 -6.382381553938494
-0.7854132123429709 -0.9642386685875495 0.16708490177413715
7.448939221441096
-5.637280931623206 6.497048841371658 -2.3016266647550543
0.7053324231431195 -0.3989162721087005 -0.8983428631321895
8.042743930987351
-4.780101617006007 0.5865062700005552 8.198511878762002
0.15167110702343134 -0.39253450646683974 -0.8706301176439804
9.54351833587341
9.736088967409511 8.959294693778315 -6.031785760551072
0.3818806445119265 -0.7422670637506226 0.6503657394498739
4.737330266862468
-1.7313495872792117 -4.474966286931474 -2.963463534854636
0.061767329635407764 0.7765172851525484 0.6099050807550426
8.707813973762951
9.235775621688699 3.3734476997620906 9.22384712509539
0.1856023860267273 0.17570227496464552 0.48554201321771173
8.951570475049971
6.531159236475581 -6.847709392129088 -7.801009765929812
-0.21589558333104586 0.5838914829742348 -0.35384097581796237
2.8635755083869747
-5.524493077017176 3.12741651712199 -6.261226318701791
-0.33138262270865093 0.5320953274174294 0.8812603577001068
8.812228316862909
6.891032891647427 4.215903105063369 -4.321883133969102
0.10569518712121373 0.29322413299548744 0.03891485395466865
1.2421183972120133
1.4592545178529104 2.1742570633780893 -2.0621268310952434
-0.47711889210508884 -0.6398273606953757 -0.8334432798444633
8.419363743574275
-5.495147231455714 9.48787528087037 -2.2470913152027006
0.11694179096594359 0.11137118778862831 0.1136624713525789
3.756292875304485
3.8172501114574064 5.705960117750168 8.24607864510892
0.7121363561851559 0.8252723307105247 0.74805393818167
1.275942371266084
-3.9811963111016224 -7.119935459811007 -3.9481143418991387
0.5629028689081954 -0.3322549018206824 -0.07014499825770604
3.3069271333855457
3.389093312660938 6.25926092200946 -6.408926092103369
0.7486974383398155 -0.18394616040877465 0.8383137173727242
4.282790369450427
-5.60048468528781 9.382803186016474 -9.813889606503256
-0.30957492496883865 0.22653975486067757 0.25742474164766116
6.488934606190304
6.794145575095584 1.6687623662917712 9.352503698829253
0.9294670306536468 -0.41627712805240624 -0.28455860781649744
3.7796797360629446
3.423604584167828 5.555710289140643 4.120968107930391
0.4084184885787503 0.45541676731643643 0.7088505812884869
7.515017967512022
3.4112917695516636 2.3212457521562957 -7.583773256041897
0.31594267271383414 0.7599320641441865 -0.9088232065888364
0.41244595453496263
0.17620226204741307 -8.56912363912673 6.678573196015019
-0.2003773002549447 -0.49145245903853096 -0.3571181712485241
7.050802757445955
-9.215750993465267 -0.5679529848106846 9.472286739713748
0.8917716199219494 0.30773479837404016 -0.39846129421951226
3.4444500235216777
0.964199413863776 -8.70410974662777 7.787940267010789
0.06474978479974225 -0.948581665352906 -0.0446555528571313
0.7651007764216984
5.596179006356705 4.854752322699321 7.123013830548349
-0.7092226215411999 0.48000007523133115 -0.9111765820673523
9.519545727875704
2.0813678630552506 -1.7248915535877885 2.287789576509418
-0.2610898018120884 -0.435875311413797 -0.9463260531492104
4.9225875254311555
-1.6085630509609814 -3.745432073437187 -2.4652063592598195
0.04304827571618497 0.3223800723735608 -0.44737607728784057
3.706502894659849
7.737555185336099 8.305149940535067 9.56157335949089
-0.07591182829379939 -0.9250983978797811 -0.8025756140158915
4.456466544086189
7.760012861731145 -4.987807108713584 0.15204248688793953
-0.5461470760478608 -0.32208016306170517 0.1566794853918505
5.48797712061313
-5.971803185073834 7.775714163679773 -5.828639580167627
0.36898057541396234 -0.9003576330706637 -0.11008171074149065
8.68180953177607
-1.216690074120395 7.592036535747681 8.57849265312527
-0.6456433296238251 -0.33747513291552833 -0.3792173003888599
0.06730116014093848
4.517341603486555 -9.666570024756432 7.986068426777248
-0.2275887076658356 0.06427743704806033 -0.7529889439170179
3.114323480918929
7.421816348901373 3.6692057280610264 8.19668760511022
-0.7255245665123637 -0.189334004745777 -0.16984334945330049
8.153402806065985
-3.813806496781864 -9.209328794652095 -2.344667194769558
-0.24864827127597677 -0.9270187811804833 -0.8859036145383157
9.347444790247163
5.448723175227471 4.099370825551702 -6.943945703426959
0.2921798362947232 -0.018506268282056704 -0.20012013906119397
6.7656623324180645
-3.147339751139704 -5.951315236633787 7.067105590677176
-0.022647352561042222 0.3262173591760915 0.9763895191779288
3.7814501672272556
-0.9065013129363244 0.40527655762662107 -4.281532198636473
-0.5805684249983967 0.8286718304533582 0.809527217400865
4.360875663701237
-9.184015439954202 2.470543870512463 4.825988548039229
0.04952408951693554 0.5155017786503322 0.05349423338800796
8.814297411783308
-8.26791936599825 7.613765357805459 -6.285154571880782
-0.47498242070242647 0.4804560265312212 -0.2547800637426487
1.7070708958718088
-4.0298802253634864 5.303632786646693 -1.2331127940667201
0.2956065048067531 0.27487290573695566 0.8649220158511117
0.3643706757155648
-9.128692160856826 0.484478835185163 8.185546166321924
-0.808158516636156 -0.024616595769568317 0.6678802197398153
2.8486544020033837
-0.5747210848795437 4.917228163978855 9.30220014390509
0.2803813710431704 0.2744303027007864 -0.09137662319715978
3.7412849839271383
-8.692324823884277 1.849607146134943 8.680863590932894
0.2031377687267084 0.7875540125020075 0.9771918747000929
5.0321086063987295
1.0773007423090863 6.333638282207662 2.2193592002839146
0.9278846046996809 0.06007620930388713 -0.9630995876283484
4.107716719218672
7.410959396213109 -4.5502376075399535 -9.851499684141665
0.30209522604104766 0.6043300809778442 -0.010949316405336695
8.122753816094116
-7.949096023160918 -1.087562223816418 -7.504552545883401
0.5873920516717182 -0.08695710575094306 0.6127602360272213
2.4078843841180375
-5.879760512530112 -7.736428977172903 6.048579535756545
-0.40680724545455416 0.05212264244059561 0.2230206344758714
8.692692210956801
9.212636639002124 0.030812861223214583 -0.918847444480404
0.4103773432257114 0.5363666004407848 0.1607972050679991
5.841607341483199
-3.687209671242451 -1.6065811257332712 -8.288040082843779
0.6808489045720927 -0.6104071055114351 0.2510240218872768
5.814358641673943
-6.712036904516117 9.556710808741322 4.35786624291592
0.02685229835503189 -0.5617454516660341 -0.07575944794398248
6.974590942840534
-7.646469908730806 -1.6582450103431068 -3.97091209667807
-0.07485949854647589 -0.9528820408034517 0.6838022055425288
7.700796677394809
-8.75101717250341 -8.539335169268812 5.10483899963039
-0.23959102968705914 0.8566156821264663 0.8551063825923908
7.265639854137523
9.888856771560938 7.527784616793934 0.8986537422897545
-0.45153756209899165 0.5185816313094929 -0.014735216062878642
2.2268199148060144
-0.8186633669741887 1.5858952969759503 -1.0293843574992998
-0.7864031125111228 -0.4973282964058343 -0.6454314509511392
9.77485942795769
5.8530414664737425 -9.389549583329302 -2.8571538965628935
0.5355958664997256 -0.8453753269419635 -0.8613481613668694
4.533056041535013
-7.602198079660281 -7.934026931102103 -4.241634350254424
0.003686562271596916 -0.33623250964134543 0.18317096230822782
9.25846963105035
4.045635370778092 8.963179243351831 6.961783103251406
0.5222276358554221 0.022662688738056547 -0.20986469265371088
2.475684448401504
1.9087490787788184 -5.667224577968593 9.998322501930744
0.8199996362376092 -0.7643855372094446 -0.06693961307030771
3.7732712615946573
2.4610377407922677 -9.64436388984324 -5.327837701978993
0.30113601063184237 -0.4597794430722135 0.2227430829752708
3.478429966575856
-8.88549431335467 -8.18015305455501 -6.3202304191786896
0.9848108217952853 0.5676717822035406 0.83630156185249
5.3040676237323625
3.868433766106371 1.1463152424592167 -2.969181751731666
-0.4356919009993716 0.9294744616795041 0.6605589011441626
7.636685210186349
-5.796003336605827 9.628452341221113 6.043629704128712
-0.016361122940684814 -0.7350700797426395 -0.1634545879734226
3.035330663970908
6.223288214761759 3.4518281046029777 2.3280205397530267
-0.8592917692889981 0.6651382422641534 0.128929055480131
7.910401016432035
8.679476343645323 3.785164048273268 6.083150577485338
-0.6608771910237996 0.3520819888357112 0.38732497579732517
4.49155518174856
2.039440544450475 -1.8248676775636863 1.54655939049392
0.7829875283634888 0.9220764423160983 0.9386854953889965
7.991117007675807
-0.1480035237030357 -6.383225926360298 -1.229702536702371
0.6894429025289719 0.6075242311559914 -0.6491382885600872
5.307565828385737
-6.804431878617898 -1.1730010642336826 3.183135037805773
-0.08787226319745 -0.5965554672485565 -0.9968671588347859
